   1,  69,  64,   0,       0
   2,  69,   0,   0,       0
   1,  71,  64,   0,       7
   2,  71,   0,   0,       0
   1,  60,  64,   0,       7
   2,  60,   0,   0,       0
   1,  62,  64,   0,       7
   2,  62,   0,   0,       0
   1,  64,  64,   0,       7
   2,  64,   0,   0,       0
   1,  65,  64,   0,       7
   2,  65,   0,   0,       0
   1,  67,  64,   0,       7
   2,  67,   0,   0,       0
   1,  69,  64,   0,       7
   2,  69,   0,   0,       0
   1,  69,  64,   0,       7
   2,  69,   0,   0,       0
   1,  69,  64,   0,       7
   2,  69,   0,   0,       0
   1,  69,  64,   0,       7
   2,  69,   0,   0,       0
   1,  69,  64,   0,       7
   2,  69,   0,   0,       0
   1,  69,  64,   0,       7
   2,  69,   0,   0,       0
   1,  69,  64,   0,       7
   2,  69,   0,   0,       0
   1,  69,  64,   0,       7
   2,  69,   0,   0,       0
   1,  69,  64,   0,       7
   2,  69,   0,   0,       0
   1,  69,  64,   0,       7
   2,  69,   0,   0,       0
   1,  69,  64,   0,       7
   2,  69,   0,   0,       0
   1,  69,  64,   0,       7
   2,  69,   0,   0,       0
   1,  69,  64,   0,       7
   2,  69,   0,   0,       0
   1,  71,  64,   0,       7
   2,  71,   0,   0,       0
   1,  71,  64,   0,       7
   2,  71,   0,   0,       0
   1,  71,  64,   0,       7
   2,  71,   0,   0,       0
   1,  71,  64,   0,       7
   2,  71,   0,   0,       0
   1,  71,  64,   0,       7
   2,  71,   0,   0,       0
   1,  71,  64,   0,       7
   2,  71,   0,   0,       0
   1,  71,  64,   0,       7
   2,  71,   0,   0,       0
   1,  71,  64,   0,       7
   2,  71,   0,   0,       0
   1,  71,  64,   0,       7
   2,  71,   0,   0,       0
   1,  71,  64,   0,       7
   2,  71,   0,   0,       0
   1,  71,  64,   0,       7
   2,  71,   0,   0,       0
   1,  71,  64,   0,       7
   2,  71,   0,   0,       0
   1,  60,  64,   0,       7
   2,  60,   0,   0,       0
   1,  60,  64,   0,       7
   2,  60,   0,   0,       0
   1,  60,  64,   0,       7
   2,  60,   0,   0,       0
   1,  60,  64,   0,       7
   2,  60,   0,   0,       0
   1,  60,  64,   0,       7
   2,  60,   0,   0,       0
   1,  60,  64,   0,       7
   2,  60,   0,   0,       0
   1,  60,  64,   0,       7
   2,  60,   0,   0,       0
   1,  60,  64,   0,       7
   2,  60,   0,   0,       0
   1,  60,  64,   0,       7
   2,  60,   0,   0,       0
   1,  60,  64,   0,       7
   2,  60,   0,   0,       0
   1,  60,  64,   0,       7
   2,  60,   0,   0,       0
   1,  60,  64,   0,       7
   2,  60,   0,   0,       0
   1,  60,  64,   0,       7
   2,  60,   0,   0,       0
   1,  60,  64,   0,       7
   2,  60,   0,   0,       0
   1,  60,  64,   0,       7
   2,  60,   0,   0,       0
   1,  62,  64,   0,       7
   2,  62,   0,   0,       0
   1,  62,  64,   0,       7
   2,  62,   0,   0,       0
   1,  62,  64,   0,       7
   2,  62,   0,   0,       0
   1,  62,  64,   0,       7
   2,  62,   0,   0,       0
   1,  62,  64,   0,       7
   2,  62,   0,   0,       0
   1,  62,  64,   0,       7
   2,  62,   0,   0,       0
   1,  62,  64,   0,       7
   2,  62,   0,   0,       0
   1,  62,  64,   0,       7
   2,  62,   0,   0,       0
   1,  62,  64,   0,       7
   2,  62,   0,   0,       0
   1,  62,  64,   0,       7
   2,  62,   0,   0,       0
   1,  62,  64,   0,       7
   2,  62,   0,   0,       0
   1,  62,  64,   0,       7
   2,  62,   0,   0,       0
   1,  62,  64,   0,       7
   2,  62,   0,   0,       0
   1,  64,  64,   0,       7
   2,  64,   0,   0,       0
   1,  64,  64,   0,       7
   2,  64,   0,   0,       0
   1,  64,  64,   0,       7
   2,  64,   0,   0,       0
   1,  64,  64,   0,       7
   2,  64,   0,   0,       0
   1,  64,  64,   0,       7
   2,  64,   0,   0,       0
   1,  64,  64,   0,       7
   2,  64,   0,   0,       0
   1,  64,  64,   0,       7
   2,  64,   0,   0,       0
   1,  65,  64,   0,       7
   2,  65,   0,   0,       0
   1,  65,  64,   0,       7
   2,  65,   0,   0,       0
   1,  65,  64,   0,       7
   2,  65,   0,   0,       0
   1,  65,  64,   0,       7
   2,  65,   0,   0,       0
   1,  65,  64,   0,       7
   2,  65,   0,   0,       0
   1,  65,  64,   0,       7
   2,  65,   0,   0,       0
   1,  65,  64,   0,       7
   2,  65,   0,   0,       0
   1,  65,  64,   0,       7
   2,  65,   0,   0,       0
   1,  65,  64,   0,       7
   2,  65,   0,   0,       0
   1,  65,  64,   0,       7
   2,  65,   0,   0,       0
   1,  65,  64,   0,       7
   2,  65,   0,   0,       0
   1,  65,  64,   0,       7
   2,  65,   0,   0,       0
   1,  65,  64,   0,       7
   2,  65,   0,   0,       0
   1,  67,  64,   0,       7
   2,  67,   0,   0,       0
   1,  67,  64,   0,       7
   2,  67,   0,   0,       0
   1,  67,  64,   0,       7
   2,  67,   0,   0,       0
   1,  67,  64,   0,       7
   2,  67,   0,   0,       0
   1,  67,  64,   0,       7
   2,  67,   0,   0,       0
   1,  67,  64,   0,       7
   2,  67,   0,   0,       0
   1,  67,  64,   0,       7
   2,  67,   0,   0,       0
   1,  67,  64,   0,       7
   2,  67,   0,   0,       0
   1,  67,  64,   0,       7
   2,  67,   0,   0,       0
   1,  67,  64,   0,       7
   2,  67,   0,   0,       0
   1,  67,  64,   0,       7
   2,  67,   0,   0,       0
   1,  67,  64,   0,       7
   2,  67,   0,   0,       0
   1,  67,  64,   0,       7
   2,  67,   0,   0,       0
   1,  69,  64,   0,       7
   2,  69,   0,   0,       0
   1,  69,  64,   0,       7
   2,  69,   0,   0,       0
   1,  69,  64,   0,       7
   2,  69,   0,   0,       0
   1,  69,  64,   0,       7
   2,  69,   0,   0,       0
   1,  69,  64,   0,       7
   2,  69,   0,   0,       0
   1,  69,  64,   0,       7
   2,  69,   0,   0,       0
   1,  69,  64,   0,       7
   2,  69,   0,   0,       0
   1,  69,  64,   0,       7
   2,  69,   0,   0,       0
   1,  69,  64,   0,       7
   2,  69,   0,   0,       0
   1,  71,  64,   0,       7
   2,  71,   0,   0,       0
   1,  71,  64,   0,       7
   2,  71,   0,   0,       0
   1,  71,  64,   0,       7
   2,  71,   0,   0,       0
   1,  71,  64,   0,       7
   2,  71,   0,   0,       0
   1,  71,  64,   0,       7
   2,  71,   0,   0,       0
   1,  71,  64,   0,       7
   2,  71,   0,   0,       0
   1,  71,  64,   0,       7
   2,  71,   0,   0,       0
   1,  71,  64,   0,       7
   2,  71,   0,   0,       0
   1,  71,  64,   0,       7
   2,  71,   0,   0,       0
   1,  71,  64,   0,       7
   2,  71,   0,   0,       0
   1,  71,  64,   0,       7
   2,  71,   0,   0,       0
   1,  71,  64,   0,       7
   2,  71,   0,   0,       0
   1,  71,  64,   0,       7
   2,  71,   0,   0,       0
   1,  71,  64,   0,       7
   2,  71,   0,   0,       0
   1,  71,  64,   0,       7
   2,  71,   0,   0,       0
   1,  71,  64,   0,       7
   2,  71,   0,   0,       0
   1,  71,  64,   0,       7
   2,  71,   0,   0,       0
   1,  60,  64,   0,       7
   2,  60,   0,   0,       0
   1,  60,  64,   0,       7
   2,  60,   0,   0,       0
   1,  60,  64,   0,       7
   2,  60,   0,   0,       0
   1,  60,  64,   0,       7
   2,  60,   0,   0,       0
   1,  60,  64,   0,       7
   2,  60,   0,   0,       0
   1,  60,  64,   0,       7
   2,  60,   0,   0,       0
   1,  60,  64,   0,       7
   2,  60,   0,   0,       0
   1,  60,  64,   0,       7
   2,  60,   0,   0,       0
   1,  60,  64,   0,       7
   2,  60,   0,   0,       0
   1,  60,  64,   0,       7
   2,  60,   0,   0,       0
   1,  60,  64,   0,       7
   2,  60,   0,   0,       0
   1,  60,  64,   0,       7
   2,  60,   0,   0,       0
   1,  60,  64,   0,       7
   2,  60,   0,   0,       0
   1,  60,  64,   0,       7
   2,  60,   0,   0,       0
