 144,  67,  64,   0,     998
 128,  67,   0,   0,     111
 144,  67,  64,   0,     999
 128,  67,   0,   0,     110
 144,  67,  64,   0,     999
 128,  67,   0,   0,     110
 144,  67,  64,   0,     999
 128,  67,   0,   0,     110
 144,  60,  64,   0,     999
 128,  60,   0,   0,     110
 144,  60,  64,   0,     999
 128,  60,   0,   0,     110
 144,  60,  64,   0,     999
 128,  60,   0,   0,     110
 144,  60,  64,   0,     998
 128,  60,   0,   0,     111
 144,  60,  64,   0,     998
 128,  60,   0,   0,     111
 144,  60,  64,   0,     998
 128,  60,   0,   0,     111
 144,  60,  64,   0,     998
 128,  60,   0,   0,     111
 144,  60,  64,   0,     998
 128,  60,   0,   0,     111
 144,  60,  64,   0,     998
 128,  60,   0,   0,     111
 144,  60,  64,   0,     998
 128,  60,   0,   0,     111
 144,  62,  64,   0,     998
 128,  62,   0,   0,     111
 144,  62,  64,   0,     998
 128,  62,   0,   0,     111
 144,  62,  64,   0,     998
 128,  62,   0,   0,     111
 144,  62,  64,   0,     998
 128,  62,   0,   0,     111
 144,  62,  64,   0,     998
 128,  62,   0,   0,     111
 144,  62,  64,   0,     998
 128,  62,   0,   0,     111
 144,  62,  64,   0,     998
 128,  62,   0,   0,     111
 144,  62,  64,   0,     998
 128,  62,   0,   0,     111
 144,  62,  64,   0,     998
 128,  62,   0,   0,     111
 144,  62,  64,   0,     998
 128,  62,   0,   0,     111
 144,  64,  64,   0,     998
 128,  64,   0,   0,     111
 144,  64,  64,   0,     998
 128,  64,   0,   0,     111
 144,  64,  64,   0,     998
 128,  64,   0,   0,     111
 144,  64,  64,   0,     998
 128,  64,   0,   0,     111
 144,  64,  64,   0,     998
 128,  64,   0,   0,     111
 144,  64,  64,   0,     998
 128,  64,   0,   0,     111
 144,  64,  64,   0,     998
 128,  64,   0,   0,     111
 144,  64,  64,   0,     999
 128,  64,   0,   0,     110
 144,  64,  64,   0,     999
 128,  64,   0,   0,     110
 144,  64,  64,   0,     999
 128,  64,   0,   0,     110
 144,  65,  64,   0,     999
 128,  65,   0,   0,     110
 144,  65,  64,   0,     999
 128,  65,   0,   0,     110
 144,  65,  64,   0,     999
 128,  65,   0,   0,     110
 144,  65,  64,   0,     999
 128,  65,   0,   0,     110
 144,  65,  64,   0,     999
 128,  65,   0,   0,     110
 144,  65,  64,   0,     999
 128,  65,   0,   0,     110
 144,  65,  64,   0,     999
 128,  65,   0,   0,     110
 144,  65,  64,   0,     999
 128,  65,   0,   0,     110
 144,  65,  64,   0,     999
 128,  65,   0,   0,     110
 144,  65,  64,   0,     999
 128,  65,   0,   0,     110
 144,  67,  64,   0,     999
 128,  67,   0,   0,     110
 144,  67,  64,   0,     999
 128,  67,   0,   0,     110
 144,  67,  64,   0,     999
 128,  67,   0,   0,     110
 144,  67,  64,   0,     999
 128,  67,   0,   0,     110
 144,  67,  64,   0,     999
 128,  67,   0,   0,     110
 144,  67,  64,   0,     999
 128,  67,   0,   0,     110
 144,  67,  64,   0,     999
 128,  67,   0,   0,     110
 144,  67,  64,   0,     999
 128,  67,   0,   0,     110
 144,  67,  64,   0,     999
 128,  67,   0,   0,     110
 144,  67,  64,   0,     999
 128,  67,   0,   0,     110
 144,  69,  64,   0,     999
 128,  69,   0,   0,     110
 144,  69,  64,   0,     999
 128,  69,   0,   0,     110
 144,  69,  64,   0,     999
 128,  69,   0,   0,     110
 144,  69,  64,   0,     999
 128,  69,   0,   0,     110
 144,  69,  64,   0,     999
 128,  69,   0,   0,     110
 144,  69,  64,   0,     999
 128,  69,   0,   0,     110
 144,  69,  64,   0,     999
 128,  69,   0,   0,     110
 144,  69,  64,   0,     999
 128,  69,   0,   0,     110
 144,  69,  64,   0,     999
 128,  69,   0,   0,     110
 144,  69,  64,   0,     999
 128,  69,   0,   0,     110
 144,  60,  64,   0,     999
 128,  60,   0,   0,     110
 144,  60,  64,   0,     999
 128,  60,   0,   0,     110
 144,  60,  64,   0,     999
 128,  60,   0,   0,     110
 144,  60,  64,   0,     999
 128,  60,   0,   0,     110
 144,  60,  64,   0,     999
 128,  60,   0,   0,     110
 144,  60,  64,   0,     999
 128,  60,   0,   0,     110
 144,  60,  64,   0,     999
 128,  60,   0,   0,     110
 144,  60,  64,   0,     999
 128,  60,   0,   0,     110
 144,  60,  64,   0,     999
 128,  60,   0,   0,     110
 144,  60,  64,   0,     999
 128,  60,   0,   0,     110
 144,  62,  64,   0,     999
 128,  62,   0,   0,     110
 144,  62,  64,   0,     999
 128,  62,   0,   0,     110
 144,  62,  64,   0,     999
 128,  62,   0,   0,     110
 144,  62,  64,   0,     999
 128,  62,   0,   0,     110
 144,  62,  64,   0,     999
 128,  62,   0,   0,     110
 144,  62,  64,   0,     999
 128,  62,   0,   0,     110
 144,  62,  64,   0,     999
 128,  62,   0,   0,     110
 144,  62,  64,   0,     999
 128,  62,   0,   0,     110
 144,  62,  64,   0,     999
 128,  62,   0,   0,     110
 144,  62,  64,   0,     999
 128,  62,   0,   0,     110
 144,  64,  64,   0,     999
 128,  64,   0,   0,     110
 144,  64,  64,   0,     999
 128,  64,   0,   0,     110
 144,  64,  64,   0,     999
 128,  64,   0,   0,     110
 144,  64,  64,   0,     999
 128,  64,   0,   0,     110
 144,  64,  64,   0,     999
 128,  64,   0,   0,     110
 144,  64,  64,   0,     999
 128,  64,   0,   0,     110
 144,  64,  64,   0,     999
 128,  64,   0,   0,     110
 144,  64,  64,   0,     999
 128,  64,   0,   0,     110
 144,  64,  64,   0,     999
 128,  64,   0,   0,     110
 144,  64,  64,   0,     999
 128,  64,   0,   0,     110
 144,  65,  64,   0,     999
 128,  65,   0,   0,     110
 144,  65,  64,   0,     999
 128,  65,   0,   0,     110
 144,  65,  64,   0,     999
 128,  65,   0,   0,     110
 144,  65,  64,   0,     999
 128,  65,   0,   0,     110
 144,  65,  64,   0,     999
 128,  65,   0,   0,     110
 144,  65,  64,   0,     999
 128,  65,   0,   0,     110
 144,  65,  64,   0,     999
 128,  65,   0,   0,     110
 144,  65,  64,   0,     999
 128,  65,   0,   0,     110
 144,  65,  64,   0,     999
 128,  65,   0,   0,     110
 144,  65,  64,   0,     999
 128,  65,   0,   0,     110
 144,  67,  64,   0,     999
 128,  67,   0,   0,     110
 144,  67,  64,   0,     999
 128,  67,   0,   0,     110
 144,  67,  64,   0,     999
 128,  67,   0,   0,     110
 144,  67,  64,   0,     999
 128,  67,   0,   0,     110
 144,  67,  64,   0,     999
 128,  67,   0,   0,     110
 144,  67,  64,   0,     999
 128,  67,   0,   0,     110
 144,  67,  64,   0,     999
 128,  67,   0,   0,     110
 144,  67,  64,   0,     999
 128,  67,   0,   0,     110
 144,  67,  64,   0,     999
 128,  67,   0,   0,     110
 144,  67,  64,   0,     999
 128,  67,   0,   0,     110
 144,  69,  64,   0,     999
 128,  69,   0,   0,     110
 144,  69,  64,   0,     999
 128,  69,   0,   0,     110
 144,  69,  64,   0,     999
 128,  69,   0,   0,     110
 144,  69,  64,   0,     999
 128,  69,   0,   0,     110
 144,  69,  64,   0,     999
 128,  69,   0,   0,     110
 144,  69,  64,   0,     999
 128,  69,   0,   0,     110
 144,  69,  64,   0,     999
 128,  69,   0,   0,     110
 144,  69,  64,   0,     999
 128,  69,   0,   0,     110
 144,  69,  64,   0,     999
 128,  69,   0,   0,     110
 144,  69,  64,   0,     999
 128,  69,   0,   0,     110
